corner_dist: 1.000000e-01
S_00: 1.392000e+03 5.120000e+02
K_00: 1.110453e+03 0.000000e+00 6.943457e+02 0.000000e+00 1.079388e+03 2.554936e+02 0.000000e+00 0.000000e+00 1.000000e+00
D_00: -1.455506e-01 -3.415435e-01 -4.447349e-03 -8.376061e-03 5.067909e-01
R_00: 1.000000e+00 0.000000e+00 0.000000e+00 0.000000e+00 1.000000e+00 0.000000e+00 0.000000e+00 0.000000e+00 1.000000e+00
T_00: 0.000000e+00 0.000000e+00 0.000000e+00
S_rect_00: 1.392000e+03 5.120000e+02
R_rect_00: 5.996324e-01 -8.432516e-02 7.958205e-01 8.475091e-02 9.955322e-01 4.162877e-02 -7.957753e-01 4.248456e-02 6.041000e-01
P_rect_00: 4.899968e+04 0.000000e+00 -6.543425e+03 0.000000e+00 0.000000e+00 4.899968e+04 2.029780e+02 0.000000e+00 0.000000e+00 0.000000e+00 1.000000e+00 0.000000e+00
S_01: 1.392000e+03 5.120000e+02
K_01: 9.027527e+02 0.000000e+00 7.036857e+02 0.000000e+00 9.308280e+02 2.455758e+02 0.000000e+00 0.000000e+00 1.000000e+00
D_01: -3.706531e-01 2.514679e-01 -9.488473e-04 2.315276e-03 -1.085797e-01
R_01: 9.999760e-01 4.709328e-03 -5.089157e-03 -4.725327e-03 9.999839e-01 -3.136240e-03 5.074306e-03 3.160212e-03 9.999821e-01
T_01: -7.877906e-01 1.186683e-01 -1.057034e+00
S_rect_01: 1.392000e+03 5.120000e+02
R_rect_01: 5.951708e-01 -8.965315e-02 7.985825e-01 8.922531e-02 9.949851e-01 4.520417e-02 -7.986304e-01 4.434957e-02 6.001854e-01
P_rect_01: 4.899968e+04 0.000000e+00 -6.543425e+03 -6.485784e+04 0.000000e+00 4.899968e+04 2.029780e+02 0.000000e+00 0.000000e+00 0.000000e+00 1.000000e+00 0.000000e+00
